    0.000000    0.000000    0.000000
    0.020408    0.000000    0.000000
    0.040816    0.000000    0.000000
    0.061224    0.000000    0.000000
    0.081633    0.000000    0.000000
    0.102041    0.000000    0.000000
    0.122449    0.000000    0.000000
    0.142857    0.000000    0.000000
    0.163265    0.000000    0.000000
    0.183673    0.000000    0.000000
    0.204082    0.000000    0.000000
    0.224490    0.000000    0.000000
    0.244898    0.000000    0.000000
    0.265306    0.000000    0.000000
    0.285714    0.000000    0.000000
    0.306122    0.000000    0.000001
    0.326531    0.000000    0.000001
    0.346939    0.000000    0.000001
    0.367347    0.000000    0.000002
    0.387755    0.000000    0.000002
    0.408163    0.000000    0.000002
    0.428571    0.000000    0.000003
    0.448980    0.000000    0.000003
    0.469388    0.000000    0.000004
    0.489796    0.000000    0.000004
    0.510204    0.000000    0.000004
    0.530612    0.000000    0.000004
    0.551020    0.000000    0.000003
    0.571429    0.000000    0.000003
    0.591837    0.000000    0.000002
    0.612245    0.000000    0.000002
    0.632653    0.000000    0.000002
    0.653061    0.000000    0.000001
    0.673469    0.000000    0.000001
    0.693878    0.000000    0.000001
    0.714286    0.000000    0.000000
    0.734694    0.000000    0.000000
    0.755102    0.000000    0.000000
    0.775510    0.000000    0.000000
    0.795918    0.000000    0.000000
    0.816327    0.000000    0.000000
    0.836735    0.000000    0.000000
    0.857143    0.000000    0.000000
    0.877551    0.000000    0.000000
    0.897959    0.000000    0.000000
    0.918367    0.000000    0.000000
    0.938776    0.000000    0.000000
    0.959184    0.000000    0.000000
    0.979592    0.000000    0.000000
    1.000000    0.000000    0.000000
    0.000000    0.020408    0.000000
    0.020408    0.020408    0.000348
    0.040816    0.020408    0.000697
    0.061224    0.020408    0.001048
    0.081633    0.020408    0.001401
    0.102041    0.020408    0.001757
    0.122449    0.020408    0.002116
    0.142857    0.020408    0.002476
    0.163265    0.020408    0.002839
    0.183673    0.020408    0.003202
    0.204082    0.020408    0.003564
    0.224490    0.020408    0.003923
    0.244898    0.020408    0.004276
    0.265306    0.020408    0.004621
    0.285714    0.020408    0.004954
    0.306122    0.020408    0.005272
    0.326531    0.020408    0.005572
    0.346939    0.020408    0.005850
    0.367347    0.020408    0.006103
    0.387755    0.020408    0.006326
    0.408163    0.020408    0.006518
    0.428571    0.020408    0.006675
    0.448980    0.020408    0.006795
    0.469388    0.020408    0.006876
    0.489796    0.020408    0.006917
    0.510204    0.020408    0.006917
    0.530612    0.020408    0.006876
    0.551020    0.020408    0.006795
    0.571429    0.020408    0.006675
    0.591837    0.020408    0.006518
    0.612245    0.020408    0.006326
    0.632653    0.020408    0.006103
    0.653061    0.020408    0.005850
    0.673469    0.020408    0.005572
    0.693878    0.020408    0.005272
    0.714286    0.020408    0.004954
    0.734694    0.020408    0.004621
    0.755102    0.020408    0.004276
    0.775510    0.020408    0.003923
    0.795918    0.020408    0.003564
    0.816327    0.020408    0.003202
    0.836735    0.020408    0.002839
    0.857143    0.020408    0.002476
    0.877551    0.020408    0.002116
    0.897959    0.020408    0.001757
    0.918367    0.020408    0.001401
    0.938776    0.020408    0.001048
    0.959184    0.020408    0.000697
    0.979592    0.020408    0.000348
    1.000000    0.020408    0.000000
    0.000000    0.040816    0.000000
    0.020408    0.040816    0.000697
    0.040816    0.040816    0.001397
    0.061224    0.040816    0.002099
    0.081633    0.040816    0.002806
    0.102041    0.040816    0.003519
    0.122449    0.040816    0.004237
    0.142857    0.040816    0.004959
    0.163265    0.040816    0.005685
    0.183673    0.040816    0.006412
    0.204082    0.040816    0.007137
    0.224490    0.040816    0.007855
    0.244898    0.040816    0.008562
    0.265306    0.040816    0.009252
    0.285714    0.040816    0.009920
    0.306122    0.040816    0.010557
    0.326531    0.040816    0.011157
    0.346939    0.040816    0.011714
    0.367347    0.040816    0.012219
    0.387755    0.040816    0.012666
    0.408163    0.040816    0.013050
    0.428571    0.040816    0.013364
    0.448980    0.040816    0.013604
    0.469388    0.040816    0.013765
    0.489796    0.040816    0.013847
    0.510204    0.040816    0.013847
    0.530612    0.040816    0.013765
    0.551020    0.040816    0.013604
    0.571429    0.040816    0.013364
    0.591837    0.040816    0.013050
    0.612245    0.040816    0.012666
    0.632653    0.040816    0.012219
    0.653061    0.040816    0.011714
    0.673469    0.040816    0.011157
    0.693878    0.040816    0.010557
    0.714286    0.040816    0.009920
    0.734694    0.040816    0.009252
    0.755102    0.040816    0.008562
    0.775510    0.040816    0.007855
    0.795918    0.040816    0.007137
    0.816327    0.040816    0.006412
    0.836735    0.040816    0.005685
    0.857143    0.040816    0.004959
    0.877551    0.040816    0.004237
    0.897959    0.040816    0.003519
    0.918367    0.040816    0.002806
    0.938776    0.040816    0.002099
    0.959184    0.040816    0.001397
    0.979592    0.040816    0.000697
    1.000000    0.040816    0.000000
    0.000000    0.061224    0.000000
    0.020408    0.061224    0.001048
    0.040816    0.061224    0.002099
    0.061224    0.061224    0.003155
    0.081633    0.061224    0.004218
    0.102041    0.061224    0.005289
    0.122449    0.061224    0.006367
    0.142857    0.061224    0.007453
    0.163265    0.061224    0.008544
    0.183673    0.061224    0.009637
    0.204082    0.061224    0.010726
    0.224490    0.061224    0.011806
    0.244898    0.061224    0.012868
    0.265306    0.061224    0.013906
    0.285714    0.061224    0.014909
    0.306122    0.061224    0.015866
    0.326531    0.061224    0.016768
    0.346939    0.061224    0.017604
    0.367347    0.061224    0.018364
    0.387755    0.061224    0.019036
    0.408163    0.061224    0.019612
    0.428571    0.061224    0.020084
    0.448980    0.061224    0.020444
    0.469388    0.061224    0.020687
    0.489796    0.061224    0.020810
    0.510204    0.061224    0.020810
    0.530612    0.061224    0.020687
    0.551020    0.061224    0.020444
    0.571429    0.061224    0.020084
    0.591837    0.061224    0.019612
    0.612245    0.061224    0.019036
    0.632653    0.061224    0.018364
    0.653061    0.061224    0.017604
    0.673469    0.061224    0.016768
    0.693878    0.061224    0.015866
    0.714286    0.061224    0.014909
    0.734694    0.061224    0.013906
    0.755102    0.061224    0.012868
    0.775510    0.061224    0.011806
    0.795918    0.061224    0.010726
    0.816327    0.061224    0.009637
    0.836735    0.061224    0.008544
    0.857143    0.061224    0.007453
    0.877551    0.061224    0.006367
    0.897959    0.061224    0.005289
    0.918367    0.061224    0.004218
    0.938776    0.061224    0.003155
    0.959184    0.061224    0.002099
    0.979592    0.061224    0.001048
    1.000000    0.061224    0.000000
    0.000000    0.081633    0.000000
    0.020408    0.081633    0.001401
    0.040816    0.081633    0.002806
    0.061224    0.081633    0.004218
    0.081633    0.081633    0.005639
    0.102041    0.081633    0.007070
    0.122449    0.081633    0.008512
    0.142857    0.081633    0.009964
    0.163265    0.081633    0.011422
    0.183673    0.081633    0.012883
    0.204082    0.081633    0.014339
    0.224490    0.081633    0.015782
    0.244898    0.081633    0.017202
    0.265306    0.081633    0.018589
    0.285714    0.081633    0.019929
    0.306122    0.081633    0.021209
    0.326531    0.081633    0.022415
    0.346939    0.081633    0.023533
    0.367347    0.081633    0.024548
    0.387755    0.081633    0.025446
    0.408163    0.081633    0.026216
    0.428571    0.081633    0.026847
    0.448980    0.081633    0.027328
    0.469388    0.081633    0.027653
    0.489796    0.081633    0.027817
    0.510204    0.081633    0.027817
    0.530612    0.081633    0.027653
    0.551020    0.081633    0.027328
    0.571429    0.081633    0.026847
    0.591837    0.081633    0.026216
    0.612245    0.081633    0.025446
    0.632653    0.081633    0.024548
    0.653061    0.081633    0.023533
    0.673469    0.081633    0.022415
    0.693878    0.081633    0.021209
    0.714286    0.081633    0.019929
    0.734694    0.081633    0.018589
    0.755102    0.081633    0.017202
    0.775510    0.081633    0.015782
    0.795918    0.081633    0.014339
    0.816327    0.081633    0.012883
    0.836735    0.081633    0.011422
    0.857143    0.081633    0.009964
    0.877551    0.081633    0.008512
    0.897959    0.081633    0.007070
    0.918367    0.081633    0.005639
    0.938776    0.081633    0.004218
    0.959184    0.081633    0.002806
    0.979592    0.081633    0.001401
    1.000000    0.081633    0.000000
    0.000000    0.102041    0.000000
    0.020408    0.102041    0.001757
    0.040816    0.102041    0.003519
    0.061224    0.102041    0.005289
    0.081633    0.102041    0.007070
    0.102041    0.102041    0.008865
    0.122449    0.102041    0.010673
    0.142857    0.102041    0.012493
    0.163265    0.102041    0.014322
    0.183673    0.102041    0.016153
    0.204082    0.102041    0.017978
    0.224490    0.102041    0.019787
    0.244898    0.102041    0.021569
    0.265306    0.102041    0.023307
    0.285714    0.102041    0.024987
    0.306122    0.102041    0.026592
    0.326531    0.102041    0.028104
    0.346939    0.102041    0.029505
    0.367347    0.102041    0.030777
    0.387755    0.102041    0.031904
    0.408163    0.102041    0.032869
    0.428571    0.102041    0.033659
    0.448980    0.102041    0.034262
    0.469388    0.102041    0.034670
    0.489796    0.102041    0.034875
    0.510204    0.102041    0.034875
    0.530612    0.102041    0.034670
    0.551020    0.102041    0.034262
    0.571429    0.102041    0.033659
    0.591837    0.102041    0.032869
    0.612245    0.102041    0.031904
    0.632653    0.102041    0.030777
    0.653061    0.102041    0.029505
    0.673469    0.102041    0.028104
    0.693878    0.102041    0.026592
    0.714286    0.102041    0.024987
    0.734694    0.102041    0.023307
    0.755102    0.102041    0.021569
    0.775510    0.102041    0.019787
    0.795918    0.102041    0.017978
    0.816327    0.102041    0.016153
    0.836735    0.102041    0.014322
    0.857143    0.102041    0.012493
    0.877551    0.102041    0.010673
    0.897959    0.102041    0.008865
    0.918367    0.102041    0.007070
    0.938776    0.102041    0.005289
    0.959184    0.102041    0.003519
    0.979592    0.102041    0.001757
    1.000000    0.102041    0.000000
    0.000000    0.122449    0.000000
    0.020408    0.122449    0.002116
    0.040816    0.122449    0.004237
    0.061224    0.122449    0.006367
    0.081633    0.122449    0.008512
    0.102041    0.122449    0.010673
    0.122449    0.122449    0.012850
    0.142857    0.122449    0.015041
    0.163265    0.122449    0.017243
    0.183673    0.122449    0.019447
    0.204082    0.122449    0.021645
    0.224490    0.122449    0.023823
    0.244898    0.122449    0.025967
    0.265306    0.122449    0.028060
    0.285714    0.122449    0.030083
    0.306122    0.122449    0.032015
    0.326531    0.122449    0.033835
    0.346939    0.122449    0.035521
    0.367347    0.122449    0.037053
    0.387755    0.122449    0.038409
    0.408163    0.122449    0.039571
    0.428571    0.122449    0.040522
    0.448980    0.122449    0.041249
    0.469388    0.122449    0.041739
    0.489796    0.122449    0.041986
    0.510204    0.122449    0.041986
    0.530612    0.122449    0.041739
    0.551020    0.122449    0.041249
    0.571429    0.122449    0.040522
    0.591837    0.122449    0.039571
    0.612245    0.122449    0.038409
    0.632653    0.122449    0.037053
    0.653061    0.122449    0.035521
    0.673469    0.122449    0.033835
    0.693878    0.122449    0.032015
    0.714286    0.122449    0.030083
    0.734694    0.122449    0.028060
    0.755102    0.122449    0.025967
    0.775510    0.122449    0.023823
    0.795918    0.122449    0.021645
    0.816327    0.122449    0.019447
    0.836735    0.122449    0.017243
    0.857143    0.122449    0.015041
    0.877551    0.122449    0.012850
    0.897959    0.122449    0.010673
    0.918367    0.122449    0.008512
    0.938776    0.122449    0.006367
    0.959184    0.122449    0.004237
    0.979592    0.122449    0.002116
    1.000000    0.122449    0.000000
    0.000000    0.142857    0.000000
    0.020408    0.142857    0.002476
    0.040816    0.142857    0.004959
    0.061224    0.142857    0.007453
    0.081633    0.142857    0.009964
    0.102041    0.142857    0.012493
    0.122449    0.142857    0.015041
    0.142857    0.142857    0.017606
    0.163265    0.142857    0.020183
    0.183673    0.142857    0.022763
    0.204082    0.142857    0.025336
    0.224490    0.142857    0.027885
    0.244898    0.142857    0.030395
    0.265306    0.142857    0.032845
    0.285714    0.142857    0.035212
    0.306122    0.142857    0.037473
    0.326531    0.142857    0.039603
    0.346939    0.142857    0.041577
    0.367347    0.142857    0.043370
    0.387755    0.142857    0.044957
    0.408163    0.142857    0.046317
    0.428571    0.142857    0.047430
    0.448980    0.142857    0.048280
    0.469388    0.142857    0.048854
    0.489796    0.142857    0.049143
    0.510204    0.142857    0.049143
    0.530612    0.142857    0.048854
    0.551020    0.142857    0.048280
    0.571429    0.142857    0.047430
    0.591837    0.142857    0.046317
    0.612245    0.142857    0.044957
    0.632653    0.142857    0.043370
    0.653061    0.142857    0.041577
    0.673469    0.142857    0.039603
    0.693878    0.142857    0.037473
    0.714286    0.142857    0.035212
    0.734694    0.142857    0.032845
    0.755102    0.142857    0.030395
    0.775510    0.142857    0.027885
    0.795918    0.142857    0.025336
    0.816327    0.142857    0.022763
    0.836735    0.142857    0.020183
    0.857143    0.142857    0.017606
    0.877551    0.142857    0.015041
    0.897959    0.142857    0.012493
    0.918367    0.142857    0.009964
    0.938776    0.142857    0.007453
    0.959184    0.142857    0.004959
    0.979592    0.142857    0.002476
    1.000000    0.142857    0.000000
    0.000000    0.163265    0.000000
    0.020408    0.163265    0.002839
    0.040816    0.163265    0.005685
    0.061224    0.163265    0.008544
    0.081633    0.163265    0.011422
    0.102041    0.163265    0.014322
    0.122449    0.163265    0.017243
    0.142857    0.163265    0.020183
    0.163265    0.163265    0.023137
    0.183673    0.163265    0.026095
    0.204082    0.163265    0.029043
    0.224490    0.163265    0.031966
    0.244898    0.163265    0.034843
    0.265306    0.163265    0.037651
    0.285714    0.163265    0.040364
    0.306122    0.163265    0.042956
    0.326531    0.163265    0.045398
    0.346939    0.163265    0.047660
    0.367347    0.163265    0.049714
    0.387755    0.163265    0.051533
    0.408163    0.163265    0.053092
    0.428571    0.163265    0.054368
    0.448980    0.163265    0.055342
    0.469388    0.163265    0.056000
    0.489796    0.163265    0.056332
    0.510204    0.163265    0.056332
    0.530612    0.163265    0.056000
    0.551020    0.163265    0.055342
    0.571429    0.163265    0.054368
    0.591837    0.163265    0.053092
    0.612245    0.163265    0.051533
    0.632653    0.163265    0.049714
    0.653061    0.163265    0.047660
    0.673469    0.163265    0.045398
    0.693878    0.163265    0.042956
    0.714286    0.163265    0.040364
    0.734694    0.163265    0.037651
    0.755102    0.163265    0.034843
    0.775510    0.163265    0.031966
    0.795918    0.163265    0.029043
    0.816327    0.163265    0.026095
    0.836735    0.163265    0.023137
    0.857143    0.163265    0.020183
    0.877551    0.163265    0.017243
    0.897959    0.163265    0.014322
    0.918367    0.163265    0.011422
    0.938776    0.163265    0.008544
    0.959184    0.163265    0.005685
    0.979592    0.163265    0.002839
    1.000000    0.163265    0.000000
    0.000000    0.183673    0.000000
    0.020408    0.183673    0.003202
    0.040816    0.183673    0.006412
    0.061224    0.183673    0.009637
    0.081633    0.183673    0.012883
    0.102041    0.183673    0.016153
    0.122449    0.183673    0.019447
    0.142857    0.183673    0.022763
    0.163265    0.183673    0.026095
    0.183673    0.183673    0.029430
    0.204082    0.183673    0.032755
    0.224490    0.183673    0.036052
    0.244898    0.183673    0.039296
    0.265306    0.183673    0.042462
    0.285714    0.183673    0.045523
    0.306122    0.183673    0.048445
    0.326531    0.183673    0.051199
    0.346939    0.183673    0.053750
    0.367347    0.183673    0.056067
    0.387755    0.183673    0.058118
    0.408163    0.183673    0.059876
    0.428571    0.183673    0.061315
    0.448980    0.183673    0.062413
    0.469388    0.183673    0.063155
    0.489796    0.183673    0.063529
    0.510204    0.183673    0.063529
    0.530612    0.183673    0.063155
    0.551020    0.183673    0.062413
    0.571429    0.183673    0.061315
    0.591837    0.183673    0.059876
    0.612245    0.183673    0.058118
    0.632653    0.183673    0.056067
    0.653061    0.183673    0.053750
    0.673469    0.183673    0.051199
    0.693878    0.183673    0.048445
    0.714286    0.183673    0.045523
    0.734694    0.183673    0.042462
    0.755102    0.183673    0.039296
    0.775510    0.183673    0.036052
    0.795918    0.183673    0.032755
    0.816327    0.183673    0.029430
    0.836735    0.183673    0.026095
    0.857143    0.183673    0.022763
    0.877551    0.183673    0.019447
    0.897959    0.183673    0.016153
    0.918367    0.183673    0.012883
    0.938776    0.183673    0.009637
    0.959184    0.183673    0.006412
    0.979592    0.183673    0.003202
    1.000000    0.183673    0.000000
    0.000000    0.204082    0.000000
    0.020408    0.204082    0.003564
    0.040816    0.204082    0.007137
    0.061224    0.204082    0.010726
    0.081633    0.204082    0.014339
    0.102041    0.204082    0.017978
    0.122449    0.204082    0.021645
    0.142857    0.204082    0.025336
    0.163265    0.204082    0.029043
    0.183673    0.204082    0.032755
    0.204082    0.204082    0.036456
    0.224490    0.204082    0.040124
    0.244898    0.204082    0.043735
    0.265306    0.204082    0.047259
    0.285714    0.204082    0.050665
    0.306122    0.204082    0.053917
    0.326531    0.204082    0.056981
    0.346939    0.204082    0.059820
    0.367347    0.204082    0.062398
    0.387755    0.204082    0.064681
    0.408163    0.204082    0.066637
    0.428571    0.204082    0.068239
    0.448980    0.204082    0.069461
    0.469388    0.204082    0.070287
    0.489796    0.204082    0.070703
    0.510204    0.204082    0.070703
    0.530612    0.204082    0.070287
    0.551020    0.204082    0.069461
    0.571429    0.204082    0.068239
    0.591837    0.204082    0.066637
    0.612245    0.204082    0.064681
    0.632653    0.204082    0.062398
    0.653061    0.204082    0.059820
    0.673469    0.204082    0.056981
    0.693878    0.204082    0.053917
    0.714286    0.204082    0.050665
    0.734694    0.204082    0.047259
    0.755102    0.204082    0.043735
    0.775510    0.204082    0.040124
    0.795918    0.204082    0.036456
    0.816327    0.204082    0.032755
    0.836735    0.204082    0.029043
    0.857143    0.204082    0.025336
    0.877551    0.204082    0.021645
    0.897959    0.204082    0.017978
    0.918367    0.204082    0.014339
    0.938776    0.204082    0.010726
    0.959184    0.204082    0.007137
    0.979592    0.204082    0.003564
    1.000000    0.204082    0.000000
    0.000000    0.224490    0.000000
    0.020408    0.224490    0.003923
    0.040816    0.224490    0.007855
    0.061224    0.224490    0.011806
    0.081633    0.224490    0.015782
    0.102041    0.224490    0.019787
    0.122449    0.224490    0.023823
    0.142857    0.224490    0.027885
    0.163265    0.224490    0.031966
    0.183673    0.224490    0.036052
    0.204082    0.224490    0.040124
    0.224490    0.224490    0.044162
    0.244898    0.224490    0.048135
    0.265306    0.224490    0.052013
    0.285714    0.224490    0.055761
    0.306122    0.224490    0.059341
    0.326531    0.224490    0.062713
    0.346939    0.224490    0.065837
    0.367347    0.224490    0.068674
    0.387755    0.224490    0.071186
    0.408163    0.224490    0.073339
    0.428571    0.224490    0.075101
    0.448980    0.224490    0.076446
    0.469388    0.224490    0.077355
    0.489796    0.224490    0.077813
    0.510204    0.224490    0.077813
    0.530612    0.224490    0.077355
    0.551020    0.224490    0.076446
    0.571429    0.224490    0.075101
    0.591837    0.224490    0.073339
    0.612245    0.224490    0.071186
    0.632653    0.224490    0.068674
    0.653061    0.224490    0.065837
    0.673469    0.224490    0.062713
    0.693878    0.224490    0.059341
    0.714286    0.224490    0.055761
    0.734694    0.224490    0.052013
    0.755102    0.224490    0.048135
    0.775510    0.224490    0.044162
    0.795918    0.224490    0.040124
    0.816327    0.224490    0.036052
    0.836735    0.224490    0.031966
    0.857143    0.224490    0.027885
    0.877551    0.224490    0.023823
    0.897959    0.224490    0.019787
    0.918367    0.224490    0.015782
    0.938776    0.224490    0.011806
    0.959184    0.224490    0.007855
    0.979592    0.224490    0.003923
    1.000000    0.224490    0.000000
    0.000000    0.244898    0.000000
    0.020408    0.244898    0.004276
    0.040816    0.244898    0.008562
    0.061224    0.244898    0.012868
    0.081633    0.244898    0.017202
    0.102041    0.244898    0.021569
    0.122449    0.244898    0.025967
    0.142857    0.244898    0.030395
    0.163265    0.244898    0.034843
    0.183673    0.244898    0.039296
    0.204082    0.244898    0.043735
    0.224490    0.244898    0.048135
    0.244898    0.244898    0.052466
    0.265306    0.244898    0.056693
    0.285714    0.244898    0.060778
    0.306122    0.244898    0.064679
    0.326531    0.244898    0.068354
    0.346939    0.244898    0.071759
    0.367347    0.244898    0.074851
    0.387755    0.244898    0.077589
    0.408163    0.244898    0.079935
    0.428571    0.244898    0.081855
    0.448980    0.244898    0.083321
    0.469388    0.244898    0.084311
    0.489796    0.244898    0.084810
    0.510204    0.244898    0.084810
    0.530612    0.244898    0.084311
    0.551020    0.244898    0.083321
    0.571429    0.244898    0.081855
    0.591837    0.244898    0.079935
    0.612245    0.244898    0.077589
    0.632653    0.244898    0.074851
    0.653061    0.244898    0.071759
    0.673469    0.244898    0.068354
    0.693878    0.244898    0.064679
    0.714286    0.244898    0.060778
    0.734694    0.244898    0.056693
    0.755102    0.244898    0.052466
    0.775510    0.244898    0.048135
    0.795918    0.244898    0.043735
    0.816327    0.244898    0.039296
    0.836735    0.244898    0.034843
    0.857143    0.244898    0.030395
    0.877551    0.244898    0.025967
    0.897959    0.244898    0.021569
    0.918367    0.244898    0.017202
    0.938776    0.244898    0.012868
    0.959184    0.244898    0.008562
    0.979592    0.244898    0.004276
    1.000000    0.244898    0.000000
    0.000000    0.265306    0.000000
    0.020408    0.265306    0.004621
    0.040816    0.265306    0.009252
    0.061224    0.265306    0.013906
    0.081633    0.265306    0.018589
    0.102041    0.265306    0.023307
    0.122449    0.265306    0.028060
    0.142857    0.265306    0.032845
    0.163265    0.265306    0.037651
    0.183673    0.265306    0.042462
    0.204082    0.265306    0.047259
    0.224490    0.265306    0.052013
    0.244898    0.265306    0.056693
    0.265306    0.265306    0.061260
    0.285714    0.265306    0.065674
    0.306122    0.265306    0.069889
    0.326531    0.265306    0.073859
    0.346939    0.265306    0.077538
    0.367347    0.265306    0.080879
    0.387755    0.265306    0.083837
    0.408163    0.265306    0.086372
    0.428571    0.265306    0.088446
    0.448980    0.265306    0.090030
    0.469388    0.265306    0.091100
    0.489796    0.265306    0.091639
    0.510204    0.265306    0.091639
    0.530612    0.265306    0.091100
    0.551020    0.265306    0.090030
    0.571429    0.265306    0.088446
    0.591837    0.265306    0.086372
    0.612245    0.265306    0.083837
    0.632653    0.265306    0.080879
    0.653061    0.265306    0.077538
    0.673469    0.265306    0.073859
    0.693878    0.265306    0.069889
    0.714286    0.265306    0.065674
    0.734694    0.265306    0.061260
    0.755102    0.265306    0.056693
    0.775510    0.265306    0.052013
    0.795918    0.265306    0.047259
    0.816327    0.265306    0.042462
    0.836735    0.265306    0.037651
    0.857143    0.265306    0.032845
    0.877551    0.265306    0.028060
    0.897959    0.265306    0.023307
    0.918367    0.265306    0.018589
    0.938776    0.265306    0.013906
    0.959184    0.265306    0.009252
    0.979592    0.265306    0.004621
    1.000000    0.265306    0.000000
    0.000000    0.285714    0.000000
    0.020408    0.285714    0.004954
    0.040816    0.285714    0.009920
    0.061224    0.285714    0.014909
    0.081633    0.285714    0.019929
    0.102041    0.285714    0.024987
    0.122449    0.285714    0.030083
    0.142857    0.285714    0.035212
    0.163265    0.285714    0.040364
    0.183673    0.285714    0.045523
    0.204082    0.285714    0.050665
    0.224490    0.285714    0.055761
    0.244898    0.285714    0.060778
    0.265306    0.285714    0.065674
    0.285714    0.285714    0.070405
    0.306122    0.285714    0.074923
    0.326531    0.285714    0.079179
    0.346939    0.285714    0.083123
    0.367347    0.285714    0.086704
    0.387755    0.285714    0.089875
    0.408163    0.285714    0.092592
    0.428571    0.285714    0.094816
    0.448980    0.285714    0.096514
    0.469388    0.285714    0.097660
    0.489796    0.285714    0.098238
    0.510204    0.285714    0.098238
    0.530612    0.285714    0.097660
    0.551020    0.285714    0.096514
    0.571429    0.285714    0.094816
    0.591837    0.285714    0.092592
    0.612245    0.285714    0.089875
    0.632653    0.285714    0.086704
    0.653061    0.285714    0.083123
    0.673469    0.285714    0.079179
    0.693878    0.285714    0.074923
    0.714286    0.285714    0.070405
    0.734694    0.285714    0.065674
    0.755102    0.285714    0.060778
    0.775510    0.285714    0.055761
    0.795918    0.285714    0.050665
    0.816327    0.285714    0.045523
    0.836735    0.285714    0.040364
    0.857143    0.285714    0.035212
    0.877551    0.285714    0.030083
    0.897959    0.285714    0.024987
    0.918367    0.285714    0.019929
    0.938776    0.285714    0.014909
    0.959184    0.285714    0.009920
    0.979592    0.285714    0.004954
    1.000000    0.285714    0.000000
    0.000000    0.306122    0.000001
    0.020408    0.306122    0.005272
    0.040816    0.306122    0.010557
    0.061224    0.306122    0.015866
    0.081633    0.306122    0.021209
    0.102041    0.306122    0.026592
    0.122449    0.306122    0.032015
    0.142857    0.306122    0.037473
    0.163265    0.306122    0.042956
    0.183673    0.306122    0.048445
    0.204082    0.306122    0.053917
    0.224490    0.306122    0.059341
    0.244898    0.306122    0.064679
    0.265306    0.306122    0.069889
    0.285714    0.306122    0.074923
    0.306122    0.306122    0.079731
    0.326531    0.306122    0.084260
    0.346939    0.306122    0.088457
    0.367347    0.306122    0.092267
    0.387755    0.306122    0.095641
    0.408163    0.306122    0.098532
    0.428571    0.306122    0.100899
    0.448980    0.306122    0.102705
    0.469388    0.306122    0.103925
    0.489796    0.306122    0.104540
    0.510204    0.306122    0.104540
    0.530612    0.306122    0.103925
    0.551020    0.306122    0.102705
    0.571429    0.306122    0.100899
    0.591837    0.306122    0.098532
    0.612245    0.306122    0.095641
    0.632653    0.306122    0.092267
    0.653061    0.306122    0.088457
    0.673469    0.306122    0.084260
    0.693878    0.306122    0.079731
    0.714286    0.306122    0.074923
    0.734694    0.306122    0.069889
    0.755102    0.306122    0.064679
    0.775510    0.306122    0.059341
    0.795918    0.306122    0.053917
    0.816327    0.306122    0.048445
    0.836735    0.306122    0.042956
    0.857143    0.306122    0.037473
    0.877551    0.306122    0.032015
    0.897959    0.306122    0.026592
    0.918367    0.306122    0.021209
    0.938776    0.306122    0.015866
    0.959184    0.306122    0.010557
    0.979592    0.306122    0.005272
    1.000000    0.306122    0.000001
    0.000000    0.326531    0.000001
    0.020408    0.326531    0.005572
    0.040816    0.326531    0.011157
    0.061224    0.326531    0.016768
    0.081633    0.326531    0.022415
    0.102041    0.326531    0.028104
    0.122449    0.326531    0.033835
    0.142857    0.326531    0.039603
    0.163265    0.326531    0.045398
    0.183673    0.326531    0.051199
    0.204082    0.326531    0.056981
    0.224490    0.326531    0.062713
    0.244898    0.326531    0.068354
    0.265306    0.326531    0.073859
    0.285714    0.326531    0.079179
    0.306122    0.326531    0.084260
    0.326531    0.326531    0.089046
    0.346939    0.326531    0.093481
    0.367347    0.326531    0.097507
    0.387755    0.326531    0.101073
    0.408163    0.326531    0.104128
    0.428571    0.326531    0.106628
    0.448980    0.326531    0.108537
    0.469388    0.326531    0.109827
    0.489796    0.326531    0.110476
    0.510204    0.326531    0.110476
    0.530612    0.326531    0.109827
    0.551020    0.326531    0.108537
    0.571429    0.326531    0.106628
    0.591837    0.326531    0.104128
    0.612245    0.326531    0.101073
    0.632653    0.326531    0.097507
    0.653061    0.326531    0.093481
    0.673469    0.326531    0.089046
    0.693878    0.326531    0.084260
    0.714286    0.326531    0.079179
    0.734694    0.326531    0.073859
    0.755102    0.326531    0.068354
    0.775510    0.326531    0.062713
    0.795918    0.326531    0.056981
    0.816327    0.326531    0.051199
    0.836735    0.326531    0.045398
    0.857143    0.326531    0.039603
    0.877551    0.326531    0.033835
    0.897959    0.326531    0.028104
    0.918367    0.326531    0.022415
    0.938776    0.326531    0.016768
    0.959184    0.326531    0.011157
    0.979592    0.326531    0.005572
    1.000000    0.326531    0.000001
    0.000000    0.346939    0.000001
    0.020408    0.346939    0.005850
    0.040816    0.346939    0.011714
    0.061224    0.346939    0.017604
    0.081633    0.346939    0.023533
    0.102041    0.346939    0.029505
    0.122449    0.346939    0.035521
    0.142857    0.346939    0.041577
    0.163265    0.346939    0.047660
    0.183673    0.346939    0.053750
    0.204082    0.346939    0.059820
    0.224490    0.346939    0.065837
    0.244898    0.346939    0.071759
    0.265306    0.346939    0.077538
    0.285714    0.346939    0.083123
    0.306122    0.346939    0.088457
    0.326531    0.346939    0.093481
    0.346939    0.346939    0.098135
    0.367347    0.346939    0.102362
    0.387755    0.346939    0.106105
    0.408163    0.346939    0.109312
    0.428571    0.346939    0.111936
    0.448980    0.346939    0.113941
    0.469388    0.346939    0.115294
    0.489796    0.346939    0.115976
    0.510204    0.346939    0.115976
    0.530612    0.346939    0.115294
    0.551020    0.346939    0.113941
    0.571429    0.346939    0.111936
    0.591837    0.346939    0.109312
    0.612245    0.346939    0.106105
    0.632653    0.346939    0.102362
    0.653061    0.346939    0.098135
    0.673469    0.346939    0.093481
    0.693878    0.346939    0.088457
    0.714286    0.346939    0.083123
    0.734694    0.346939    0.077538
    0.755102    0.346939    0.071759
    0.775510    0.346939    0.065837
    0.795918    0.346939    0.059820
    0.816327    0.346939    0.053750
    0.836735    0.346939    0.047660
    0.857143    0.346939    0.041577
    0.877551    0.346939    0.035521
    0.897959    0.346939    0.029505
    0.918367    0.346939    0.023533
    0.938776    0.346939    0.017604
    0.959184    0.346939    0.011714
    0.979592    0.346939    0.005850
    1.000000    0.346939    0.000001
    0.000000    0.367347    0.000002
    0.020408    0.367347    0.006103
    0.040816    0.367347    0.012219
    0.061224    0.367347    0.018364
    0.081633    0.367347    0.024548
    0.102041    0.367347    0.030777
    0.122449    0.367347    0.037053
    0.142857    0.367347    0.043370
    0.163265    0.367347    0.049714
    0.183673    0.367347    0.056067
    0.204082    0.367347    0.062398
    0.224490    0.367347    0.068674
    0.244898    0.367347    0.074851
    0.265306    0.367347    0.080879
    0.285714    0.367347    0.086704
    0.306122    0.367347    0.092267
    0.326531    0.367347    0.097507
    0.346939    0.367347    0.102362
    0.367347    0.367347    0.106771
    0.387755    0.367347    0.110674
    0.408163    0.367347    0.114019
    0.428571    0.367347    0.116757
    0.448980    0.367347    0.118847
    0.469388    0.367347    0.120259
    0.489796    0.367347    0.120970
    0.510204    0.367347    0.120970
    0.530612    0.367347    0.120259
    0.551020    0.367347    0.118847
    0.571429    0.367347    0.116757
    0.591837    0.367347    0.114019
    0.612245    0.367347    0.110674
    0.632653    0.367347    0.106771
    0.653061    0.367347    0.102362
    0.673469    0.367347    0.097507
    0.693878    0.367347    0.092267
    0.714286    0.367347    0.086704
    0.734694    0.367347    0.080879
    0.755102    0.367347    0.074851
    0.775510    0.367347    0.068674
    0.795918    0.367347    0.062398
    0.816327    0.367347    0.056067
    0.836735    0.367347    0.049714
    0.857143    0.367347    0.043370
    0.877551    0.367347    0.037053
    0.897959    0.367347    0.030777
    0.918367    0.367347    0.024548
    0.938776    0.367347    0.018364
    0.959184    0.367347    0.012219
    0.979592    0.367347    0.006103
    1.000000    0.367347    0.000002
    0.000000    0.387755    0.000002
    0.020408    0.387755    0.006326
    0.040816    0.387755    0.012666
    0.061224    0.387755    0.019036
    0.081633    0.387755    0.025446
    0.102041    0.387755    0.031904
    0.122449    0.387755    0.038409
    0.142857    0.387755    0.044957
    0.163265    0.387755    0.051533
    0.183673    0.387755    0.058118
    0.204082    0.387755    0.064681
    0.224490    0.387755    0.071186
    0.244898    0.387755    0.077589
    0.265306    0.387755    0.083837
    0.285714    0.387755    0.089875
    0.306122    0.387755    0.095641
    0.326531    0.387755    0.101073
    0.346939    0.387755    0.106105
    0.367347    0.387755    0.110674
    0.387755    0.387755    0.114721
    0.408163    0.387755    0.118187
    0.428571    0.387755    0.121025
    0.448980    0.387755    0.123191
    0.469388    0.387755    0.124655
    0.489796    0.387755    0.125392
    0.510204    0.387755    0.125392
    0.530612    0.387755    0.124655
    0.551020    0.387755    0.123191
    0.571429    0.387755    0.121025
    0.591837    0.387755    0.118187
    0.612245    0.387755    0.114721
    0.632653    0.387755    0.110674
    0.653061    0.387755    0.106105
    0.673469    0.387755    0.101073
    0.693878    0.387755    0.095641
    0.714286    0.387755    0.089875
    0.734694    0.387755    0.083837
    0.755102    0.387755    0.077589
    0.775510    0.387755    0.071186
    0.795918    0.387755    0.064681
    0.816327    0.387755    0.058118
    0.836735    0.387755    0.051533
    0.857143    0.387755    0.044957
    0.877551    0.387755    0.038409
    0.897959    0.387755    0.031904
    0.918367    0.387755    0.025446
    0.938776    0.387755    0.019036
    0.959184    0.387755    0.012666
    0.979592    0.387755    0.006326
    1.000000    0.387755    0.000002
    0.000000    0.408163    0.000002
    0.020408    0.408163    0.006518
    0.040816    0.408163    0.013050
    0.061224    0.408163    0.019612
    0.081633    0.408163    0.026216
    0.102041    0.408163    0.032869
    0.122449    0.408163    0.039571
    0.142857    0.408163    0.046317
    0.163265    0.408163    0.053092
    0.183673    0.408163    0.059876
    0.204082    0.408163    0.066637
    0.224490    0.408163    0.073339
    0.244898    0.408163    0.079935
    0.265306    0.408163    0.086372
    0.285714    0.408163    0.092592
    0.306122    0.408163    0.098532
    0.326531    0.408163    0.104128
    0.346939    0.408163    0.109312
    0.367347    0.408163    0.114019
    0.387755    0.408163    0.118187
    0.408163    0.408163    0.121759
    0.428571    0.408163    0.124682
    0.448980    0.408163    0.126914
    0.469388    0.408163    0.128421
    0.489796    0.408163    0.129180
    0.510204    0.408163    0.129180
    0.530612    0.408163    0.128421
    0.551020    0.408163    0.126914
    0.571429    0.408163    0.124682
    0.591837    0.408163    0.121759
    0.612245    0.408163    0.118187
    0.632653    0.408163    0.114019
    0.653061    0.408163    0.109312
    0.673469    0.408163    0.104128
    0.693878    0.408163    0.098532
    0.714286    0.408163    0.092592
    0.734694    0.408163    0.086372
    0.755102    0.408163    0.079935
    0.775510    0.408163    0.073339
    0.795918    0.408163    0.066637
    0.816327    0.408163    0.059876
    0.836735    0.408163    0.053092
    0.857143    0.408163    0.046317
    0.877551    0.408163    0.039571
    0.897959    0.408163    0.032869
    0.918367    0.408163    0.026216
    0.938776    0.408163    0.019612
    0.959184    0.408163    0.013050
    0.979592    0.408163    0.006518
    1.000000    0.408163    0.000002
    0.000000    0.428571    0.000003
    0.020408    0.428571    0.006675
    0.040816    0.428571    0.013364
    0.061224    0.428571    0.020084
    0.081633    0.428571    0.026847
    0.102041    0.428571    0.033659
    0.122449    0.428571    0.040522
    0.142857    0.428571    0.047430
    0.163265    0.428571    0.054368
    0.183673    0.428571    0.061315
    0.204082    0.428571    0.068239
    0.224490    0.428571    0.075101
    0.244898    0.428571    0.081855
    0.265306    0.428571    0.088446
    0.285714    0.428571    0.094816
    0.306122    0.428571    0.100899
    0.326531    0.428571    0.106628
    0.346939    0.428571    0.111936
    0.367347    0.428571    0.116757
    0.387755    0.428571    0.121025
    0.408163    0.428571    0.124682
    0.428571    0.428571    0.127675
    0.448980    0.428571    0.129960
    0.469388    0.428571    0.131504
    0.489796    0.428571    0.132281
    0.510204    0.428571    0.132281
    0.530612    0.428571    0.131504
    0.551020    0.428571    0.129960
    0.571429    0.428571    0.127675
    0.591837    0.428571    0.124682
    0.612245    0.428571    0.121025
    0.632653    0.428571    0.116757
    0.653061    0.428571    0.111936
    0.673469    0.428571    0.106628
    0.693878    0.428571    0.100899
    0.714286    0.428571    0.094816
    0.734694    0.428571    0.088446
    0.755102    0.428571    0.081855
    0.775510    0.428571    0.075101
    0.795918    0.428571    0.068239
    0.816327    0.428571    0.061315
    0.836735    0.428571    0.054368
    0.857143    0.428571    0.047430
    0.877551    0.428571    0.040522
    0.897959    0.428571    0.033659
    0.918367    0.428571    0.026847
    0.938776    0.428571    0.020084
    0.959184    0.428571    0.013364
    0.979592    0.428571    0.006675
    1.000000    0.428571    0.000003
    0.000000    0.448980    0.000003
    0.020408    0.448980    0.006795
    0.040816    0.448980    0.013604
    0.061224    0.448980    0.020444
    0.081633    0.448980    0.027328
    0.102041    0.448980    0.034262
    0.122449    0.448980    0.041249
    0.142857    0.448980    0.048280
    0.163265    0.448980    0.055342
    0.183673    0.448980    0.062413
    0.204082    0.448980    0.069461
    0.224490    0.448980    0.076446
    0.244898    0.448980    0.083321
    0.265306    0.448980    0.090030
    0.285714    0.448980    0.096514
    0.306122    0.448980    0.102705
    0.326531    0.448980    0.108537
    0.346939    0.448980    0.113941
    0.367347    0.448980    0.118847
    0.387755    0.448980    0.123191
    0.408163    0.448980    0.126914
    0.428571    0.448980    0.129960
    0.448980    0.448980    0.132287
    0.469388    0.448980    0.133858
    0.489796    0.448980    0.134649
    0.510204    0.448980    0.134649
    0.530612    0.448980    0.133858
    0.551020    0.448980    0.132287
    0.571429    0.448980    0.129960
    0.591837    0.448980    0.126914
    0.612245    0.448980    0.123191
    0.632653    0.448980    0.118847
    0.653061    0.448980    0.113941
    0.673469    0.448980    0.108537
    0.693878    0.448980    0.102705
    0.714286    0.448980    0.096514
    0.734694    0.448980    0.090030
    0.755102    0.448980    0.083321
    0.775510    0.448980    0.076446
    0.795918    0.448980    0.069461
    0.816327    0.448980    0.062413
    0.836735    0.448980    0.055342
    0.857143    0.448980    0.048280
    0.877551    0.448980    0.041249
    0.897959    0.448980    0.034262
    0.918367    0.448980    0.027328
    0.938776    0.448980    0.020444
    0.959184    0.448980    0.013604
    0.979592    0.448980    0.006795
    1.000000    0.448980    0.000003
    0.000000    0.469388    0.000004
    0.020408    0.469388    0.006876
    0.040816    0.469388    0.013765
    0.061224    0.469388    0.020687
    0.081633    0.469388    0.027653
    0.102041    0.469388    0.034670
    0.122449    0.469388    0.041739
    0.142857    0.469388    0.048854
    0.163265    0.469388    0.056000
    0.183673    0.469388    0.063155
    0.204082    0.469388    0.070287
    0.224490    0.469388    0.077355
    0.244898    0.469388    0.084311
    0.265306    0.469388    0.091100
    0.285714    0.469388    0.097660
    0.306122    0.469388    0.103925
    0.326531    0.469388    0.109827
    0.346939    0.469388    0.115294
    0.367347    0.469388    0.120259
    0.387755    0.469388    0.124655
    0.408163    0.469388    0.128421
    0.428571    0.469388    0.131504
    0.448980    0.469388    0.133858
    0.469388    0.469388    0.135447
    0.489796    0.469388    0.136248
    0.510204    0.469388    0.136248
    0.530612    0.469388    0.135447
    0.551020    0.469388    0.133858
    0.571429    0.469388    0.131504
    0.591837    0.469388    0.128421
    0.612245    0.469388    0.124655
    0.632653    0.469388    0.120259
    0.653061    0.469388    0.115294
    0.673469    0.469388    0.109827
    0.693878    0.469388    0.103925
    0.714286    0.469388    0.097660
    0.734694    0.469388    0.091100
    0.755102    0.469388    0.084311
    0.775510    0.469388    0.077355
    0.795918    0.469388    0.070287
    0.816327    0.469388    0.063155
    0.836735    0.469388    0.056000
    0.857143    0.469388    0.048854
    0.877551    0.469388    0.041739
    0.897959    0.469388    0.034670
    0.918367    0.469388    0.027653
    0.938776    0.469388    0.020687
    0.959184    0.469388    0.013765
    0.979592    0.469388    0.006876
    1.000000    0.469388    0.000004
    0.000000    0.489796    0.000004
    0.020408    0.489796    0.006917
    0.040816    0.489796    0.013847
    0.061224    0.489796    0.020810
    0.081633    0.489796    0.027817
    0.102041    0.489796    0.034875
    0.122449    0.489796    0.041986
    0.142857    0.489796    0.049143
    0.163265    0.489796    0.056332
    0.183673    0.489796    0.063529
    0.204082    0.489796    0.070703
    0.224490    0.489796    0.077813
    0.244898    0.489796    0.084810
    0.265306    0.489796    0.091639
    0.285714    0.489796    0.098238
    0.306122    0.489796    0.104540
    0.326531    0.489796    0.110476
    0.346939    0.489796    0.115976
    0.367347    0.489796    0.120970
    0.387755    0.489796    0.125392
    0.408163    0.489796    0.129180
    0.428571    0.489796    0.132281
    0.448980    0.489796    0.134649
    0.469388    0.489796    0.136248
    0.489796    0.489796    0.137054
    0.510204    0.489796    0.137054
    0.530612    0.489796    0.136248
    0.551020    0.489796    0.134649
    0.571429    0.489796    0.132281
    0.591837    0.489796    0.129180
    0.612245    0.489796    0.125392
    0.632653    0.489796    0.120970
    0.653061    0.489796    0.115976
    0.673469    0.489796    0.110476
    0.693878    0.489796    0.104540
    0.714286    0.489796    0.098238
    0.734694    0.489796    0.091639
    0.755102    0.489796    0.084810
    0.775510    0.489796    0.077813
    0.795918    0.489796    0.070703
    0.816327    0.489796    0.063529
    0.836735    0.489796    0.056332
    0.857143    0.489796    0.049143
    0.877551    0.489796    0.041986
    0.897959    0.489796    0.034875
    0.918367    0.489796    0.027817
    0.938776    0.489796    0.020810
    0.959184    0.489796    0.013847
    0.979592    0.489796    0.006917
    1.000000    0.489796    0.000004
    0.000000    0.510204    0.000004
    0.020408    0.510204    0.006917
    0.040816    0.510204    0.013847
    0.061224    0.510204    0.020810
    0.081633    0.510204    0.027817
    0.102041    0.510204    0.034875
    0.122449    0.510204    0.041986
    0.142857    0.510204    0.049143
    0.163265    0.510204    0.056332
    0.183673    0.510204    0.063529
    0.204082    0.510204    0.070703
    0.224490    0.510204    0.077813
    0.244898    0.510204    0.084810
    0.265306    0.510204    0.091639
    0.285714    0.510204    0.098238
    0.306122    0.510204    0.104540
    0.326531    0.510204    0.110476
    0.346939    0.510204    0.115976
    0.367347    0.510204    0.120970
    0.387755    0.510204    0.125392
    0.408163    0.510204    0.129180
    0.428571    0.510204    0.132281
    0.448980    0.510204    0.134649
    0.469388    0.510204    0.136248
    0.489796    0.510204    0.137054
    0.510204    0.510204    0.137054
    0.530612    0.510204    0.136248
    0.551020    0.510204    0.134649
    0.571429    0.510204    0.132281
    0.591837    0.510204    0.129180
    0.612245    0.510204    0.125392
    0.632653    0.510204    0.120970
    0.653061    0.510204    0.115976
    0.673469    0.510204    0.110476
    0.693878    0.510204    0.104540
    0.714286    0.510204    0.098238
    0.734694    0.510204    0.091639
    0.755102    0.510204    0.084810
    0.775510    0.510204    0.077813
    0.795918    0.510204    0.070703
    0.816327    0.510204    0.063529
    0.836735    0.510204    0.056332
    0.857143    0.510204    0.049143
    0.877551    0.510204    0.041986
    0.897959    0.510204    0.034875
    0.918367    0.510204    0.027817
    0.938776    0.510204    0.020810
    0.959184    0.510204    0.013847
    0.979592    0.510204    0.006917
    1.000000    0.510204    0.000004
    0.000000    0.530612    0.000004
    0.020408    0.530612    0.006876
    0.040816    0.530612    0.013765
    0.061224    0.530612    0.020687
    0.081633    0.530612    0.027653
    0.102041    0.530612    0.034670
    0.122449    0.530612    0.041739
    0.142857    0.530612    0.048854
    0.163265    0.530612    0.056000
    0.183673    0.530612    0.063155
    0.204082    0.530612    0.070287
    0.224490    0.530612    0.077355
    0.244898    0.530612    0.084311
    0.265306    0.530612    0.091100
    0.285714    0.530612    0.097660
    0.306122    0.530612    0.103925
    0.326531    0.530612    0.109827
    0.346939    0.530612    0.115294
    0.367347    0.530612    0.120259
    0.387755    0.530612    0.124655
    0.408163    0.530612    0.128421
    0.428571    0.530612    0.131504
    0.448980    0.530612    0.133858
    0.469388    0.530612    0.135447
    0.489796    0.530612    0.136248
    0.510204    0.530612    0.136248
    0.530612    0.530612    0.135447
    0.551020    0.530612    0.133858
    0.571429    0.530612    0.131504
    0.591837    0.530612    0.128421
    0.612245    0.530612    0.124655
    0.632653    0.530612    0.120259
    0.653061    0.530612    0.115294
    0.673469    0.530612    0.109827
    0.693878    0.530612    0.103925
    0.714286    0.530612    0.097660
    0.734694    0.530612    0.091100
    0.755102    0.530612    0.084311
    0.775510    0.530612    0.077355
    0.795918    0.530612    0.070287
    0.816327    0.530612    0.063155
    0.836735    0.530612    0.056000
    0.857143    0.530612    0.048854
    0.877551    0.530612    0.041739
    0.897959    0.530612    0.034670
    0.918367    0.530612    0.027653
    0.938776    0.530612    0.020687
    0.959184    0.530612    0.013765
    0.979592    0.530612    0.006876
    1.000000    0.530612    0.000004
    0.000000    0.551020    0.000003
    0.020408    0.551020    0.006795
    0.040816    0.551020    0.013604
    0.061224    0.551020    0.020444
    0.081633    0.551020    0.027328
    0.102041    0.551020    0.034262
    0.122449    0.551020    0.041249
    0.142857    0.551020    0.048280
    0.163265    0.551020    0.055342
    0.183673    0.551020    0.062413
    0.204082    0.551020    0.069461
    0.224490    0.551020    0.076446
    0.244898    0.551020    0.083321
    0.265306    0.551020    0.090030
    0.285714    0.551020    0.096514
    0.306122    0.551020    0.102705
    0.326531    0.551020    0.108537
    0.346939    0.551020    0.113941
    0.367347    0.551020    0.118847
    0.387755    0.551020    0.123191
    0.408163    0.551020    0.126914
    0.428571    0.551020    0.129960
    0.448980    0.551020    0.132287
    0.469388    0.551020    0.133858
    0.489796    0.551020    0.134649
    0.510204    0.551020    0.134649
    0.530612    0.551020    0.133858
    0.551020    0.551020    0.132287
    0.571429    0.551020    0.129960
    0.591837    0.551020    0.126914
    0.612245    0.551020    0.123191
    0.632653    0.551020    0.118847
    0.653061    0.551020    0.113941
    0.673469    0.551020    0.108537
    0.693878    0.551020    0.102705
    0.714286    0.551020    0.096514
    0.734694    0.551020    0.090030
    0.755102    0.551020    0.083321
    0.775510    0.551020    0.076446
    0.795918    0.551020    0.069461
    0.816327    0.551020    0.062413
    0.836735    0.551020    0.055342
    0.857143    0.551020    0.048280
    0.877551    0.551020    0.041249
    0.897959    0.551020    0.034262
    0.918367    0.551020    0.027328
    0.938776    0.551020    0.020444
    0.959184    0.551020    0.013604
    0.979592    0.551020    0.006795
    1.000000    0.551020    0.000003
    0.000000    0.571429    0.000003
    0.020408    0.571429    0.006675
    0.040816    0.571429    0.013364
    0.061224    0.571429    0.020084
    0.081633    0.571429    0.026847
    0.102041    0.571429    0.033659
    0.122449    0.571429    0.040522
    0.142857    0.571429    0.047430
    0.163265    0.571429    0.054368
    0.183673    0.571429    0.061315
    0.204082    0.571429    0.068239
    0.224490    0.571429    0.075101
    0.244898    0.571429    0.081855
    0.265306    0.571429    0.088446
    0.285714    0.571429    0.094816
    0.306122    0.571429    0.100899
    0.326531    0.571429    0.106628
    0.346939    0.571429    0.111936
    0.367347    0.571429    0.116757
    0.387755    0.571429    0.121025
    0.408163    0.571429    0.124682
    0.428571    0.571429    0.127675
    0.448980    0.571429    0.129960
    0.469388    0.571429    0.131504
    0.489796    0.571429    0.132281
    0.510204    0.571429    0.132281
    0.530612    0.571429    0.131504
    0.551020    0.571429    0.129960
    0.571429    0.571429    0.127675
    0.591837    0.571429    0.124682
    0.612245    0.571429    0.121025
    0.632653    0.571429    0.116757
    0.653061    0.571429    0.111936
    0.673469    0.571429    0.106628
    0.693878    0.571429    0.100899
    0.714286    0.571429    0.094816
    0.734694    0.571429    0.088446
    0.755102    0.571429    0.081855
    0.775510    0.571429    0.075101
    0.795918    0.571429    0.068239
    0.816327    0.571429    0.061315
    0.836735    0.571429    0.054368
    0.857143    0.571429    0.047430
    0.877551    0.571429    0.040522
    0.897959    0.571429    0.033659
    0.918367    0.571429    0.026847
    0.938776    0.571429    0.020084
    0.959184    0.571429    0.013364
    0.979592    0.571429    0.006675
    1.000000    0.571429    0.000003
    0.000000    0.591837    0.000002
    0.020408    0.591837    0.006518
    0.040816    0.591837    0.013050
    0.061224    0.591837    0.019612
    0.081633    0.591837    0.026216
    0.102041    0.591837    0.032869
    0.122449    0.591837    0.039571
    0.142857    0.591837    0.046317
    0.163265    0.591837    0.053092
    0.183673    0.591837    0.059876
    0.204082    0.591837    0.066637
    0.224490    0.591837    0.073339
    0.244898    0.591837    0.079935
    0.265306    0.591837    0.086372
    0.285714    0.591837    0.092592
    0.306122    0.591837    0.098532
    0.326531    0.591837    0.104128
    0.346939    0.591837    0.109312
    0.367347    0.591837    0.114019
    0.387755    0.591837    0.118187
    0.408163    0.591837    0.121759
    0.428571    0.591837    0.124682
    0.448980    0.591837    0.126914
    0.469388    0.591837    0.128421
    0.489796    0.591837    0.129180
    0.510204    0.591837    0.129180
    0.530612    0.591837    0.128421
    0.551020    0.591837    0.126914
    0.571429    0.591837    0.124682
    0.591837    0.591837    0.121759
    0.612245    0.591837    0.118187
    0.632653    0.591837    0.114019
    0.653061    0.591837    0.109312
    0.673469    0.591837    0.104128
    0.693878    0.591837    0.098532
    0.714286    0.591837    0.092592
    0.734694    0.591837    0.086372
    0.755102    0.591837    0.079935
    0.775510    0.591837    0.073339
    0.795918    0.591837    0.066637
    0.816327    0.591837    0.059876
    0.836735    0.591837    0.053092
    0.857143    0.591837    0.046317
    0.877551    0.591837    0.039571
    0.897959    0.591837    0.032869
    0.918367    0.591837    0.026216
    0.938776    0.591837    0.019612
    0.959184    0.591837    0.013050
    0.979592    0.591837    0.006518
    1.000000    0.591837    0.000002
    0.000000    0.612245    0.000002
    0.020408    0.612245    0.006326
    0.040816    0.612245    0.012666
    0.061224    0.612245    0.019036
    0.081633    0.612245    0.025446
    0.102041    0.612245    0.031904
    0.122449    0.612245    0.038409
    0.142857    0.612245    0.044957
    0.163265    0.612245    0.051533
    0.183673    0.612245    0.058118
    0.204082    0.612245    0.064681
    0.224490    0.612245    0.071186
    0.244898    0.612245    0.077589
    0.265306    0.612245    0.083837
    0.285714    0.612245    0.089875
    0.306122    0.612245    0.095641
    0.326531    0.612245    0.101073
    0.346939    0.612245    0.106105
    0.367347    0.612245    0.110674
    0.387755    0.612245    0.114721
    0.408163    0.612245    0.118187
    0.428571    0.612245    0.121025
    0.448980    0.612245    0.123191
    0.469388    0.612245    0.124655
    0.489796    0.612245    0.125392
    0.510204    0.612245    0.125392
    0.530612    0.612245    0.124655
    0.551020    0.612245    0.123191
    0.571429    0.612245    0.121025
    0.591837    0.612245    0.118187
    0.612245    0.612245    0.114721
    0.632653    0.612245    0.110674
    0.653061    0.612245    0.106105
    0.673469    0.612245    0.101073
    0.693878    0.612245    0.095641
    0.714286    0.612245    0.089875
    0.734694    0.612245    0.083837
    0.755102    0.612245    0.077589
    0.775510    0.612245    0.071186
    0.795918    0.612245    0.064681
    0.816327    0.612245    0.058118
    0.836735    0.612245    0.051533
    0.857143    0.612245    0.044957
    0.877551    0.612245    0.038409
    0.897959    0.612245    0.031904
    0.918367    0.612245    0.025446
    0.938776    0.612245    0.019036
    0.959184    0.612245    0.012666
    0.979592    0.612245    0.006326
    1.000000    0.612245    0.000002
    0.000000    0.632653    0.000002
    0.020408    0.632653    0.006103
    0.040816    0.632653    0.012219
    0.061224    0.632653    0.018364
    0.081633    0.632653    0.024548
    0.102041    0.632653    0.030777
    0.122449    0.632653    0.037053
    0.142857    0.632653    0.043370
    0.163265    0.632653    0.049714
    0.183673    0.632653    0.056067
    0.204082    0.632653    0.062398
    0.224490    0.632653    0.068674
    0.244898    0.632653    0.074851
    0.265306    0.632653    0.080879
    0.285714    0.632653    0.086704
    0.306122    0.632653    0.092267
    0.326531    0.632653    0.097507
    0.346939    0.632653    0.102362
    0.367347    0.632653    0.106771
    0.387755    0.632653    0.110674
    0.408163    0.632653    0.114019
    0.428571    0.632653    0.116757
    0.448980    0.632653    0.118847
    0.469388    0.632653    0.120259
    0.489796    0.632653    0.120970
    0.510204    0.632653    0.120970
    0.530612    0.632653    0.120259
    0.551020    0.632653    0.118847
    0.571429    0.632653    0.116757
    0.591837    0.632653    0.114019
    0.612245    0.632653    0.110674
    0.632653    0.632653    0.106771
    0.653061    0.632653    0.102362
    0.673469    0.632653    0.097507
    0.693878    0.632653    0.092267
    0.714286    0.632653    0.086704
    0.734694    0.632653    0.080879
    0.755102    0.632653    0.074851
    0.775510    0.632653    0.068674
    0.795918    0.632653    0.062398
    0.816327    0.632653    0.056067
    0.836735    0.632653    0.049714
    0.857143    0.632653    0.043370
    0.877551    0.632653    0.037053
    0.897959    0.632653    0.030777
    0.918367    0.632653    0.024548
    0.938776    0.632653    0.018364
    0.959184    0.632653    0.012219
    0.979592    0.632653    0.006103
    1.000000    0.632653    0.000002
    0.000000    0.653061    0.000001
    0.020408    0.653061    0.005850
    0.040816    0.653061    0.011714
    0.061224    0.653061    0.017604
    0.081633    0.653061    0.023533
    0.102041    0.653061    0.029505
    0.122449    0.653061    0.035521
    0.142857    0.653061    0.041577
    0.163265    0.653061    0.047660
    0.183673    0.653061    0.053750
    0.204082    0.653061    0.059820
    0.224490    0.653061    0.065837
    0.244898    0.653061    0.071759
    0.265306    0.653061    0.077538
    0.285714    0.653061    0.083123
    0.306122    0.653061    0.088457
    0.326531    0.653061    0.093481
    0.346939    0.653061    0.098135
    0.367347    0.653061    0.102362
    0.387755    0.653061    0.106105
    0.408163    0.653061    0.109312
    0.428571    0.653061    0.111936
    0.448980    0.653061    0.113941
    0.469388    0.653061    0.115294
    0.489796    0.653061    0.115976
    0.510204    0.653061    0.115976
    0.530612    0.653061    0.115294
    0.551020    0.653061    0.113941
    0.571429    0.653061    0.111936
    0.591837    0.653061    0.109312
    0.612245    0.653061    0.106105
    0.632653    0.653061    0.102362
    0.653061    0.653061    0.098135
    0.673469    0.653061    0.093481
    0.693878    0.653061    0.088457
    0.714286    0.653061    0.083123
    0.734694    0.653061    0.077538
    0.755102    0.653061    0.071759
    0.775510    0.653061    0.065837
    0.795918    0.653061    0.059820
    0.816327    0.653061    0.053750
    0.836735    0.653061    0.047660
    0.857143    0.653061    0.041577
    0.877551    0.653061    0.035521
    0.897959    0.653061    0.029505
    0.918367    0.653061    0.023533
    0.938776    0.653061    0.017604
    0.959184    0.653061    0.011714
    0.979592    0.653061    0.005850
    1.000000    0.653061    0.000001
    0.000000    0.673469    0.000001
    0.020408    0.673469    0.005572
    0.040816    0.673469    0.011157
    0.061224    0.673469    0.016768
    0.081633    0.673469    0.022415
    0.102041    0.673469    0.028104
    0.122449    0.673469    0.033835
    0.142857    0.673469    0.039603
    0.163265    0.673469    0.045398
    0.183673    0.673469    0.051199
    0.204082    0.673469    0.056981
    0.224490    0.673469    0.062713
    0.244898    0.673469    0.068354
    0.265306    0.673469    0.073859
    0.285714    0.673469    0.079179
    0.306122    0.673469    0.084260
    0.326531    0.673469    0.089046
    0.346939    0.673469    0.093481
    0.367347    0.673469    0.097507
    0.387755    0.673469    0.101073
    0.408163    0.673469    0.104128
    0.428571    0.673469    0.106628
    0.448980    0.673469    0.108537
    0.469388    0.673469    0.109827
    0.489796    0.673469    0.110476
    0.510204    0.673469    0.110476
    0.530612    0.673469    0.109827
    0.551020    0.673469    0.108537
    0.571429    0.673469    0.106628
    0.591837    0.673469    0.104128
    0.612245    0.673469    0.101073
    0.632653    0.673469    0.097507
    0.653061    0.673469    0.093481
    0.673469    0.673469    0.089046
    0.693878    0.673469    0.084260
    0.714286    0.673469    0.079179
    0.734694    0.673469    0.073859
    0.755102    0.673469    0.068354
    0.775510    0.673469    0.062713
    0.795918    0.673469    0.056981
    0.816327    0.673469    0.051199
    0.836735    0.673469    0.045398
    0.857143    0.673469    0.039603
    0.877551    0.673469    0.033835
    0.897959    0.673469    0.028104
    0.918367    0.673469    0.022415
    0.938776    0.673469    0.016768
    0.959184    0.673469    0.011157
    0.979592    0.673469    0.005572
    1.000000    0.673469    0.000001
    0.000000    0.693878    0.000001
    0.020408    0.693878    0.005272
    0.040816    0.693878    0.010557
    0.061224    0.693878    0.015866
    0.081633    0.693878    0.021209
    0.102041    0.693878    0.026592
    0.122449    0.693878    0.032015
    0.142857    0.693878    0.037473
    0.163265    0.693878    0.042956
    0.183673    0.693878    0.048445
    0.204082    0.693878    0.053917
    0.224490    0.693878    0.059341
    0.244898    0.693878    0.064679
    0.265306    0.693878    0.069889
    0.285714    0.693878    0.074923
    0.306122    0.693878    0.079731
    0.326531    0.693878    0.084260
    0.346939    0.693878    0.088457
    0.367347    0.693878    0.092267
    0.387755    0.693878    0.095641
    0.408163    0.693878    0.098532
    0.428571    0.693878    0.100899
    0.448980    0.693878    0.102705
    0.469388    0.693878    0.103925
    0.489796    0.693878    0.104540
    0.510204    0.693878    0.104540
    0.530612    0.693878    0.103925
    0.551020    0.693878    0.102705
    0.571429    0.693878    0.100899
    0.591837    0.693878    0.098532
    0.612245    0.693878    0.095641
    0.632653    0.693878    0.092267
    0.653061    0.693878    0.088457
    0.673469    0.693878    0.084260
    0.693878    0.693878    0.079731
    0.714286    0.693878    0.074923
    0.734694    0.693878    0.069889
    0.755102    0.693878    0.064679
    0.775510    0.693878    0.059341
    0.795918    0.693878    0.053917
    0.816327    0.693878    0.048445
    0.836735    0.693878    0.042956
    0.857143    0.693878    0.037473
    0.877551    0.693878    0.032015
    0.897959    0.693878    0.026592
    0.918367    0.693878    0.021209
    0.938776    0.693878    0.015866
    0.959184    0.693878    0.010557
    0.979592    0.693878    0.005272
    1.000000    0.693878    0.000001
    0.000000    0.714286    0.000000
    0.020408    0.714286    0.004954
    0.040816    0.714286    0.009920
    0.061224    0.714286    0.014909
    0.081633    0.714286    0.019929
    0.102041    0.714286    0.024987
    0.122449    0.714286    0.030083
    0.142857    0.714286    0.035212
    0.163265    0.714286    0.040364
    0.183673    0.714286    0.045523
    0.204082    0.714286    0.050665
    0.224490    0.714286    0.055761
    0.244898    0.714286    0.060778
    0.265306    0.714286    0.065674
    0.285714    0.714286    0.070405
    0.306122    0.714286    0.074923
    0.326531    0.714286    0.079179
    0.346939    0.714286    0.083123
    0.367347    0.714286    0.086704
    0.387755    0.714286    0.089875
    0.408163    0.714286    0.092592
    0.428571    0.714286    0.094816
    0.448980    0.714286    0.096514
    0.469388    0.714286    0.097660
    0.489796    0.714286    0.098238
    0.510204    0.714286    0.098238
    0.530612    0.714286    0.097660
    0.551020    0.714286    0.096514
    0.571429    0.714286    0.094816
    0.591837    0.714286    0.092592
    0.612245    0.714286    0.089875
    0.632653    0.714286    0.086704
    0.653061    0.714286    0.083123
    0.673469    0.714286    0.079179
    0.693878    0.714286    0.074923
    0.714286    0.714286    0.070405
    0.734694    0.714286    0.065674
    0.755102    0.714286    0.060778
    0.775510    0.714286    0.055761
    0.795918    0.714286    0.050665
    0.816327    0.714286    0.045523
    0.836735    0.714286    0.040364
    0.857143    0.714286    0.035212
    0.877551    0.714286    0.030083
    0.897959    0.714286    0.024987
    0.918367    0.714286    0.019929
    0.938776    0.714286    0.014909
    0.959184    0.714286    0.009920
    0.979592    0.714286    0.004954
    1.000000    0.714286    0.000000
    0.000000    0.734694    0.000000
    0.020408    0.734694    0.004621
    0.040816    0.734694    0.009252
    0.061224    0.734694    0.013906
    0.081633    0.734694    0.018589
    0.102041    0.734694    0.023307
    0.122449    0.734694    0.028060
    0.142857    0.734694    0.032845
    0.163265    0.734694    0.037651
    0.183673    0.734694    0.042462
    0.204082    0.734694    0.047259
    0.224490    0.734694    0.052013
    0.244898    0.734694    0.056693
    0.265306    0.734694    0.061260
    0.285714    0.734694    0.065674
    0.306122    0.734694    0.069889
    0.326531    0.734694    0.073859
    0.346939    0.734694    0.077538
    0.367347    0.734694    0.080879
    0.387755    0.734694    0.083837
    0.408163    0.734694    0.086372
    0.428571    0.734694    0.088446
    0.448980    0.734694    0.090030
    0.469388    0.734694    0.091100
    0.489796    0.734694    0.091639
    0.510204    0.734694    0.091639
    0.530612    0.734694    0.091100
    0.551020    0.734694    0.090030
    0.571429    0.734694    0.088446
    0.591837    0.734694    0.086372
    0.612245    0.734694    0.083837
    0.632653    0.734694    0.080879
    0.653061    0.734694    0.077538
    0.673469    0.734694    0.073859
    0.693878    0.734694    0.069889
    0.714286    0.734694    0.065674
    0.734694    0.734694    0.061260
    0.755102    0.734694    0.056693
    0.775510    0.734694    0.052013
    0.795918    0.734694    0.047259
    0.816327    0.734694    0.042462
    0.836735    0.734694    0.037651
    0.857143    0.734694    0.032845
    0.877551    0.734694    0.028060
    0.897959    0.734694    0.023307
    0.918367    0.734694    0.018589
    0.938776    0.734694    0.013906
    0.959184    0.734694    0.009252
    0.979592    0.734694    0.004621
    1.000000    0.734694    0.000000
    0.000000    0.755102    0.000000
    0.020408    0.755102    0.004276
    0.040816    0.755102    0.008562
    0.061224    0.755102    0.012868
    0.081633    0.755102    0.017202
    0.102041    0.755102    0.021569
    0.122449    0.755102    0.025967
    0.142857    0.755102    0.030395
    0.163265    0.755102    0.034843
    0.183673    0.755102    0.039296
    0.204082    0.755102    0.043735
    0.224490    0.755102    0.048135
    0.244898    0.755102    0.052466
    0.265306    0.755102    0.056693
    0.285714    0.755102    0.060778
    0.306122    0.755102    0.064679
    0.326531    0.755102    0.068354
    0.346939    0.755102    0.071759
    0.367347    0.755102    0.074851
    0.387755    0.755102    0.077589
    0.408163    0.755102    0.079935
    0.428571    0.755102    0.081855
    0.448980    0.755102    0.083321
    0.469388    0.755102    0.084311
    0.489796    0.755102    0.084810
    0.510204    0.755102    0.084810
    0.530612    0.755102    0.084311
    0.551020    0.755102    0.083321
    0.571429    0.755102    0.081855
    0.591837    0.755102    0.079935
    0.612245    0.755102    0.077589
    0.632653    0.755102    0.074851
    0.653061    0.755102    0.071759
    0.673469    0.755102    0.068354
    0.693878    0.755102    0.064679
    0.714286    0.755102    0.060778
    0.734694    0.755102    0.056693
    0.755102    0.755102    0.052466
    0.775510    0.755102    0.048135
    0.795918    0.755102    0.043735
    0.816327    0.755102    0.039296
    0.836735    0.755102    0.034843
    0.857143    0.755102    0.030395
    0.877551    0.755102    0.025967
    0.897959    0.755102    0.021569
    0.918367    0.755102    0.017202
    0.938776    0.755102    0.012868
    0.959184    0.755102    0.008562
    0.979592    0.755102    0.004276
    1.000000    0.755102    0.000000
    0.000000    0.775510    0.000000
    0.020408    0.775510    0.003923
    0.040816    0.775510    0.007855
    0.061224    0.775510    0.011806
    0.081633    0.775510    0.015782
    0.102041    0.775510    0.019787
    0.122449    0.775510    0.023823
    0.142857    0.775510    0.027885
    0.163265    0.775510    0.031966
    0.183673    0.775510    0.036052
    0.204082    0.775510    0.040124
    0.224490    0.775510    0.044162
    0.244898    0.775510    0.048135
    0.265306    0.775510    0.052013
    0.285714    0.775510    0.055761
    0.306122    0.775510    0.059341
    0.326531    0.775510    0.062713
    0.346939    0.775510    0.065837
    0.367347    0.775510    0.068674
    0.387755    0.775510    0.071186
    0.408163    0.775510    0.073339
    0.428571    0.775510    0.075101
    0.448980    0.775510    0.076446
    0.469388    0.775510    0.077355
    0.489796    0.775510    0.077813
    0.510204    0.775510    0.077813
    0.530612    0.775510    0.077355
    0.551020    0.775510    0.076446
    0.571429    0.775510    0.075101
    0.591837    0.775510    0.073339
    0.612245    0.775510    0.071186
    0.632653    0.775510    0.068674
    0.653061    0.775510    0.065837
    0.673469    0.775510    0.062713
    0.693878    0.775510    0.059341
    0.714286    0.775510    0.055761
    0.734694    0.775510    0.052013
    0.755102    0.775510    0.048135
    0.775510    0.775510    0.044162
    0.795918    0.775510    0.040124
    0.816327    0.775510    0.036052
    0.836735    0.775510    0.031966
    0.857143    0.775510    0.027885
    0.877551    0.775510    0.023823
    0.897959    0.775510    0.019787
    0.918367    0.775510    0.015782
    0.938776    0.775510    0.011806
    0.959184    0.775510    0.007855
    0.979592    0.775510    0.003923
    1.000000    0.775510    0.000000
    0.000000    0.795918    0.000000
    0.020408    0.795918    0.003564
    0.040816    0.795918    0.007137
    0.061224    0.795918    0.010726
    0.081633    0.795918    0.014339
    0.102041    0.795918    0.017978
    0.122449    0.795918    0.021645
    0.142857    0.795918    0.025336
    0.163265    0.795918    0.029043
    0.183673    0.795918    0.032755
    0.204082    0.795918    0.036456
    0.224490    0.795918    0.040124
    0.244898    0.795918    0.043735
    0.265306    0.795918    0.047259
    0.285714    0.795918    0.050665
    0.306122    0.795918    0.053917
    0.326531    0.795918    0.056981
    0.346939    0.795918    0.059820
    0.367347    0.795918    0.062398
    0.387755    0.795918    0.064681
    0.408163    0.795918    0.066637
    0.428571    0.795918    0.068239
    0.448980    0.795918    0.069461
    0.469388    0.795918    0.070287
    0.489796    0.795918    0.070703
    0.510204    0.795918    0.070703
    0.530612    0.795918    0.070287
    0.551020    0.795918    0.069461
    0.571429    0.795918    0.068239
    0.591837    0.795918    0.066637
    0.612245    0.795918    0.064681
    0.632653    0.795918    0.062398
    0.653061    0.795918    0.059820
    0.673469    0.795918    0.056981
    0.693878    0.795918    0.053917
    0.714286    0.795918    0.050665
    0.734694    0.795918    0.047259
    0.755102    0.795918    0.043735
    0.775510    0.795918    0.040124
    0.795918    0.795918    0.036456
    0.816327    0.795918    0.032755
    0.836735    0.795918    0.029043
    0.857143    0.795918    0.025336
    0.877551    0.795918    0.021645
    0.897959    0.795918    0.017978
    0.918367    0.795918    0.014339
    0.938776    0.795918    0.010726
    0.959184    0.795918    0.007137
    0.979592    0.795918    0.003564
    1.000000    0.795918    0.000000
    0.000000    0.816327    0.000000
    0.020408    0.816327    0.003202
    0.040816    0.816327    0.006412
    0.061224    0.816327    0.009637
    0.081633    0.816327    0.012883
    0.102041    0.816327    0.016153
    0.122449    0.816327    0.019447
    0.142857    0.816327    0.022763
    0.163265    0.816327    0.026095
    0.183673    0.816327    0.029430
    0.204082    0.816327    0.032755
    0.224490    0.816327    0.036052
    0.244898    0.816327    0.039296
    0.265306    0.816327    0.042462
    0.285714    0.816327    0.045523
    0.306122    0.816327    0.048445
    0.326531    0.816327    0.051199
    0.346939    0.816327    0.053750
    0.367347    0.816327    0.056067
    0.387755    0.816327    0.058118
    0.408163    0.816327    0.059876
    0.428571    0.816327    0.061315
    0.448980    0.816327    0.062413
    0.469388    0.816327    0.063155
    0.489796    0.816327    0.063529
    0.510204    0.816327    0.063529
    0.530612    0.816327    0.063155
    0.551020    0.816327    0.062413
    0.571429    0.816327    0.061315
    0.591837    0.816327    0.059876
    0.612245    0.816327    0.058118
    0.632653    0.816327    0.056067
    0.653061    0.816327    0.053750
    0.673469    0.816327    0.051199
    0.693878    0.816327    0.048445
    0.714286    0.816327    0.045523
    0.734694    0.816327    0.042462
    0.755102    0.816327    0.039296
    0.775510    0.816327    0.036052
    0.795918    0.816327    0.032755
    0.816327    0.816327    0.029430
    0.836735    0.816327    0.026095
    0.857143    0.816327    0.022763
    0.877551    0.816327    0.019447
    0.897959    0.816327    0.016153
    0.918367    0.816327    0.012883
    0.938776    0.816327    0.009637
    0.959184    0.816327    0.006412
    0.979592    0.816327    0.003202
    1.000000    0.816327    0.000000
    0.000000    0.836735    0.000000
    0.020408    0.836735    0.002839
    0.040816    0.836735    0.005685
    0.061224    0.836735    0.008544
    0.081633    0.836735    0.011422
    0.102041    0.836735    0.014322
    0.122449    0.836735    0.017243
    0.142857    0.836735    0.020183
    0.163265    0.836735    0.023137
    0.183673    0.836735    0.026095
    0.204082    0.836735    0.029043
    0.224490    0.836735    0.031966
    0.244898    0.836735    0.034843
    0.265306    0.836735    0.037651
    0.285714    0.836735    0.040364
    0.306122    0.836735    0.042956
    0.326531    0.836735    0.045398
    0.346939    0.836735    0.047660
    0.367347    0.836735    0.049714
    0.387755    0.836735    0.051533
    0.408163    0.836735    0.053092
    0.428571    0.836735    0.054368
    0.448980    0.836735    0.055342
    0.469388    0.836735    0.056000
    0.489796    0.836735    0.056332
    0.510204    0.836735    0.056332
    0.530612    0.836735    0.056000
    0.551020    0.836735    0.055342
    0.571429    0.836735    0.054368
    0.591837    0.836735    0.053092
    0.612245    0.836735    0.051533
    0.632653    0.836735    0.049714
    0.653061    0.836735    0.047660
    0.673469    0.836735    0.045398
    0.693878    0.836735    0.042956
    0.714286    0.836735    0.040364
    0.734694    0.836735    0.037651
    0.755102    0.836735    0.034843
    0.775510    0.836735    0.031966
    0.795918    0.836735    0.029043
    0.816327    0.836735    0.026095
    0.836735    0.836735    0.023137
    0.857143    0.836735    0.020183
    0.877551    0.836735    0.017243
    0.897959    0.836735    0.014322
    0.918367    0.836735    0.011422
    0.938776    0.836735    0.008544
    0.959184    0.836735    0.005685
    0.979592    0.836735    0.002839
    1.000000    0.836735    0.000000
    0.000000    0.857143    0.000000
    0.020408    0.857143    0.002476
    0.040816    0.857143    0.004959
    0.061224    0.857143    0.007453
    0.081633    0.857143    0.009964
    0.102041    0.857143    0.012493
    0.122449    0.857143    0.015041
    0.142857    0.857143    0.017606
    0.163265    0.857143    0.020183
    0.183673    0.857143    0.022763
    0.204082    0.857143    0.025336
    0.224490    0.857143    0.027885
    0.244898    0.857143    0.030395
    0.265306    0.857143    0.032845
    0.285714    0.857143    0.035212
    0.306122    0.857143    0.037473
    0.326531    0.857143    0.039603
    0.346939    0.857143    0.041577
    0.367347    0.857143    0.043370
    0.387755    0.857143    0.044957
    0.408163    0.857143    0.046317
    0.428571    0.857143    0.047430
    0.448980    0.857143    0.048280
    0.469388    0.857143    0.048854
    0.489796    0.857143    0.049143
    0.510204    0.857143    0.049143
    0.530612    0.857143    0.048854
    0.551020    0.857143    0.048280
    0.571429    0.857143    0.047430
    0.591837    0.857143    0.046317
    0.612245    0.857143    0.044957
    0.632653    0.857143    0.043370
    0.653061    0.857143    0.041577
    0.673469    0.857143    0.039603
    0.693878    0.857143    0.037473
    0.714286    0.857143    0.035212
    0.734694    0.857143    0.032845
    0.755102    0.857143    0.030395
    0.775510    0.857143    0.027885
    0.795918    0.857143    0.025336
    0.816327    0.857143    0.022763
    0.836735    0.857143    0.020183
    0.857143    0.857143    0.017606
    0.877551    0.857143    0.015041
    0.897959    0.857143    0.012493
    0.918367    0.857143    0.009964
    0.938776    0.857143    0.007453
    0.959184    0.857143    0.004959
    0.979592    0.857143    0.002476
    1.000000    0.857143    0.000000
    0.000000    0.877551    0.000000
    0.020408    0.877551    0.002116
    0.040816    0.877551    0.004237
    0.061224    0.877551    0.006367
    0.081633    0.877551    0.008512
    0.102041    0.877551    0.010673
    0.122449    0.877551    0.012850
    0.142857    0.877551    0.015041
    0.163265    0.877551    0.017243
    0.183673    0.877551    0.019447
    0.204082    0.877551    0.021645
    0.224490    0.877551    0.023823
    0.244898    0.877551    0.025967
    0.265306    0.877551    0.028060
    0.285714    0.877551    0.030083
    0.306122    0.877551    0.032015
    0.326531    0.877551    0.033835
    0.346939    0.877551    0.035521
    0.367347    0.877551    0.037053
    0.387755    0.877551    0.038409
    0.408163    0.877551    0.039571
    0.428571    0.877551    0.040522
    0.448980    0.877551    0.041249
    0.469388    0.877551    0.041739
    0.489796    0.877551    0.041986
    0.510204    0.877551    0.041986
    0.530612    0.877551    0.041739
    0.551020    0.877551    0.041249
    0.571429    0.877551    0.040522
    0.591837    0.877551    0.039571
    0.612245    0.877551    0.038409
    0.632653    0.877551    0.037053
    0.653061    0.877551    0.035521
    0.673469    0.877551    0.033835
    0.693878    0.877551    0.032015
    0.714286    0.877551    0.030083
    0.734694    0.877551    0.028060
    0.755102    0.877551    0.025967
    0.775510    0.877551    0.023823
    0.795918    0.877551    0.021645
    0.816327    0.877551    0.019447
    0.836735    0.877551    0.017243
    0.857143    0.877551    0.015041
    0.877551    0.877551    0.012850
    0.897959    0.877551    0.010673
    0.918367    0.877551    0.008512
    0.938776    0.877551    0.006367
    0.959184    0.877551    0.004237
    0.979592    0.877551    0.002116
    1.000000    0.877551    0.000000
    0.000000    0.897959    0.000000
    0.020408    0.897959    0.001757
    0.040816    0.897959    0.003519
    0.061224    0.897959    0.005289
    0.081633    0.897959    0.007070
    0.102041    0.897959    0.008865
    0.122449    0.897959    0.010673
    0.142857    0.897959    0.012493
    0.163265    0.897959    0.014322
    0.183673    0.897959    0.016153
    0.204082    0.897959    0.017978
    0.224490    0.897959    0.019787
    0.244898    0.897959    0.021569
    0.265306    0.897959    0.023307
    0.285714    0.897959    0.024987
    0.306122    0.897959    0.026592
    0.326531    0.897959    0.028104
    0.346939    0.897959    0.029505
    0.367347    0.897959    0.030777
    0.387755    0.897959    0.031904
    0.408163    0.897959    0.032869
    0.428571    0.897959    0.033659
    0.448980    0.897959    0.034262
    0.469388    0.897959    0.034670
    0.489796    0.897959    0.034875
    0.510204    0.897959    0.034875
    0.530612    0.897959    0.034670
    0.551020    0.897959    0.034262
    0.571429    0.897959    0.033659
    0.591837    0.897959    0.032869
    0.612245    0.897959    0.031904
    0.632653    0.897959    0.030777
    0.653061    0.897959    0.029505
    0.673469    0.897959    0.028104
    0.693878    0.897959    0.026592
    0.714286    0.897959    0.024987
    0.734694    0.897959    0.023307
    0.755102    0.897959    0.021569
    0.775510    0.897959    0.019787
    0.795918    0.897959    0.017978
    0.816327    0.897959    0.016153
    0.836735    0.897959    0.014322
    0.857143    0.897959    0.012493
    0.877551    0.897959    0.010673
    0.897959    0.897959    0.008865
    0.918367    0.897959    0.007070
    0.938776    0.897959    0.005289
    0.959184    0.897959    0.003519
    0.979592    0.897959    0.001757
    1.000000    0.897959    0.000000
    0.000000    0.918367    0.000000
    0.020408    0.918367    0.001401
    0.040816    0.918367    0.002806
    0.061224    0.918367    0.004218
    0.081633    0.918367    0.005639
    0.102041    0.918367    0.007070
    0.122449    0.918367    0.008512
    0.142857    0.918367    0.009964
    0.163265    0.918367    0.011422
    0.183673    0.918367    0.012883
    0.204082    0.918367    0.014339
    0.224490    0.918367    0.015782
    0.244898    0.918367    0.017202
    0.265306    0.918367    0.018589
    0.285714    0.918367    0.019929
    0.306122    0.918367    0.021209
    0.326531    0.918367    0.022415
    0.346939    0.918367    0.023533
    0.367347    0.918367    0.024548
    0.387755    0.918367    0.025446
    0.408163    0.918367    0.026216
    0.428571    0.918367    0.026847
    0.448980    0.918367    0.027328
    0.469388    0.918367    0.027653
    0.489796    0.918367    0.027817
    0.510204    0.918367    0.027817
    0.530612    0.918367    0.027653
    0.551020    0.918367    0.027328
    0.571429    0.918367    0.026847
    0.591837    0.918367    0.026216
    0.612245    0.918367    0.025446
    0.632653    0.918367    0.024548
    0.653061    0.918367    0.023533
    0.673469    0.918367    0.022415
    0.693878    0.918367    0.021209
    0.714286    0.918367    0.019929
    0.734694    0.918367    0.018589
    0.755102    0.918367    0.017202
    0.775510    0.918367    0.015782
    0.795918    0.918367    0.014339
    0.816327    0.918367    0.012883
    0.836735    0.918367    0.011422
    0.857143    0.918367    0.009964
    0.877551    0.918367    0.008512
    0.897959    0.918367    0.007070
    0.918367    0.918367    0.005639
    0.938776    0.918367    0.004218
    0.959184    0.918367    0.002806
    0.979592    0.918367    0.001401
    1.000000    0.918367    0.000000
    0.000000    0.938776    0.000000
    0.020408    0.938776    0.001048
    0.040816    0.938776    0.002099
    0.061224    0.938776    0.003155
    0.081633    0.938776    0.004218
    0.102041    0.938776    0.005289
    0.122449    0.938776    0.006367
    0.142857    0.938776    0.007453
    0.163265    0.938776    0.008544
    0.183673    0.938776    0.009637
    0.204082    0.938776    0.010726
    0.224490    0.938776    0.011806
    0.244898    0.938776    0.012868
    0.265306    0.938776    0.013906
    0.285714    0.938776    0.014909
    0.306122    0.938776    0.015866
    0.326531    0.938776    0.016768
    0.346939    0.938776    0.017604
    0.367347    0.938776    0.018364
    0.387755    0.938776    0.019036
    0.408163    0.938776    0.019612
    0.428571    0.938776    0.020084
    0.448980    0.938776    0.020444
    0.469388    0.938776    0.020687
    0.489796    0.938776    0.020810
    0.510204    0.938776    0.020810
    0.530612    0.938776    0.020687
    0.551020    0.938776    0.020444
    0.571429    0.938776    0.020084
    0.591837    0.938776    0.019612
    0.612245    0.938776    0.019036
    0.632653    0.938776    0.018364
    0.653061    0.938776    0.017604
    0.673469    0.938776    0.016768
    0.693878    0.938776    0.015866
    0.714286    0.938776    0.014909
    0.734694    0.938776    0.013906
    0.755102    0.938776    0.012868
    0.775510    0.938776    0.011806
    0.795918    0.938776    0.010726
    0.816327    0.938776    0.009637
    0.836735    0.938776    0.008544
    0.857143    0.938776    0.007453
    0.877551    0.938776    0.006367
    0.897959    0.938776    0.005289
    0.918367    0.938776    0.004218
    0.938776    0.938776    0.003155
    0.959184    0.938776    0.002099
    0.979592    0.938776    0.001048
    1.000000    0.938776    0.000000
    0.000000    0.959184    0.000000
    0.020408    0.959184    0.000697
    0.040816    0.959184    0.001397
    0.061224    0.959184    0.002099
    0.081633    0.959184    0.002806
    0.102041    0.959184    0.003519
    0.122449    0.959184    0.004237
    0.142857    0.959184    0.004959
    0.163265    0.959184    0.005685
    0.183673    0.959184    0.006412
    0.204082    0.959184    0.007137
    0.224490    0.959184    0.007855
    0.244898    0.959184    0.008562
    0.265306    0.959184    0.009252
    0.285714    0.959184    0.009920
    0.306122    0.959184    0.010557
    0.326531    0.959184    0.011157
    0.346939    0.959184    0.011714
    0.367347    0.959184    0.012219
    0.387755    0.959184    0.012666
    0.408163    0.959184    0.013050
    0.428571    0.959184    0.013364
    0.448980    0.959184    0.013604
    0.469388    0.959184    0.013765
    0.489796    0.959184    0.013847
    0.510204    0.959184    0.013847
    0.530612    0.959184    0.013765
    0.551020    0.959184    0.013604
    0.571429    0.959184    0.013364
    0.591837    0.959184    0.013050
    0.612245    0.959184    0.012666
    0.632653    0.959184    0.012219
    0.653061    0.959184    0.011714
    0.673469    0.959184    0.011157
    0.693878    0.959184    0.010557
    0.714286    0.959184    0.009920
    0.734694    0.959184    0.009252
    0.755102    0.959184    0.008562
    0.775510    0.959184    0.007855
    0.795918    0.959184    0.007137
    0.816327    0.959184    0.006412
    0.836735    0.959184    0.005685
    0.857143    0.959184    0.004959
    0.877551    0.959184    0.004237
    0.897959    0.959184    0.003519
    0.918367    0.959184    0.002806
    0.938776    0.959184    0.002099
    0.959184    0.959184    0.001397
    0.979592    0.959184    0.000697
    1.000000    0.959184    0.000000
    0.000000    0.979592    0.000000
    0.020408    0.979592    0.000348
    0.040816    0.979592    0.000697
    0.061224    0.979592    0.001048
    0.081633    0.979592    0.001401
    0.102041    0.979592    0.001757
    0.122449    0.979592    0.002116
    0.142857    0.979592    0.002476
    0.163265    0.979592    0.002839
    0.183673    0.979592    0.003202
    0.204082    0.979592    0.003564
    0.224490    0.979592    0.003923
    0.244898    0.979592    0.004276
    0.265306    0.979592    0.004621
    0.285714    0.979592    0.004954
    0.306122    0.979592    0.005272
    0.326531    0.979592    0.005572
    0.346939    0.979592    0.005850
    0.367347    0.979592    0.006103
    0.387755    0.979592    0.006326
    0.408163    0.979592    0.006518
    0.428571    0.979592    0.006675
    0.448980    0.979592    0.006795
    0.469388    0.979592    0.006876
    0.489796    0.979592    0.006917
    0.510204    0.979592    0.006917
    0.530612    0.979592    0.006876
    0.551020    0.979592    0.006795
    0.571429    0.979592    0.006675
    0.591837    0.979592    0.006518
    0.612245    0.979592    0.006326
    0.632653    0.979592    0.006103
    0.653061    0.979592    0.005850
    0.673469    0.979592    0.005572
    0.693878    0.979592    0.005272
    0.714286    0.979592    0.004954
    0.734694    0.979592    0.004621
    0.755102    0.979592    0.004276
    0.775510    0.979592    0.003923
    0.795918    0.979592    0.003564
    0.816327    0.979592    0.003202
    0.836735    0.979592    0.002839
    0.857143    0.979592    0.002476
    0.877551    0.979592    0.002116
    0.897959    0.979592    0.001757
    0.918367    0.979592    0.001401
    0.938776    0.979592    0.001048
    0.959184    0.979592    0.000697
    0.979592    0.979592    0.000348
    1.000000    0.979592    0.000000
    0.000000    1.000000    0.000000
    0.020408    1.000000    0.000000
    0.040816    1.000000    0.000000
    0.061224    1.000000    0.000000
    0.081633    1.000000    0.000000
    0.102041    1.000000    0.000000
    0.122449    1.000000    0.000000
    0.142857    1.000000    0.000000
    0.163265    1.000000    0.000000
    0.183673    1.000000    0.000000
    0.204082    1.000000    0.000000
    0.224490    1.000000    0.000000
    0.244898    1.000000    0.000000
    0.265306    1.000000    0.000000
    0.285714    1.000000    0.000000
    0.306122    1.000000    0.000001
    0.326531    1.000000    0.000001
    0.346939    1.000000    0.000001
    0.367347    1.000000    0.000002
    0.387755    1.000000    0.000002
    0.408163    1.000000    0.000002
    0.428571    1.000000    0.000003
    0.448980    1.000000    0.000003
    0.469388    1.000000    0.000004
    0.489796    1.000000    0.000004
    0.510204    1.000000    0.000004
    0.530612    1.000000    0.000004
    0.551020    1.000000    0.000003
    0.571429    1.000000    0.000003
    0.591837    1.000000    0.000002
    0.612245    1.000000    0.000002
    0.632653    1.000000    0.000002
    0.653061    1.000000    0.000001
    0.673469    1.000000    0.000001
    0.693878    1.000000    0.000001
    0.714286    1.000000    0.000000
    0.734694    1.000000    0.000000
    0.755102    1.000000    0.000000
    0.775510    1.000000    0.000000
    0.795918    1.000000    0.000000
    0.816327    1.000000    0.000000
    0.836735    1.000000    0.000000
    0.857143    1.000000    0.000000
    0.877551    1.000000    0.000000
    0.897959    1.000000    0.000000
    0.918367    1.000000    0.000000
    0.938776    1.000000    0.000000
    0.959184    1.000000    0.000000
    0.979592    1.000000    0.000000
    1.000000    1.000000    0.000000
